22,7
527,272
309,53
285,442
360,71
5,31
325,5
156,545
484,226
471,43
417,410
462,155
173,1
78,542
31,294
27,168
26,69
25,5
467,104
150,182
182,500
429,524
540,135
237,244
71,26
562,318
59,493
499,540
226,187
279,483
56,112,453
499,540
157,150
34,234
152,89
480,480,190,190
244,166
87,458
182,26
126,55
35,28
25,52
83,352
166,244
550,166
159,136
78,163
311,87,20
69,513,454
34,0
150,262
31,115
57,553
544,541
157,34
580,360
549,62
60,26
273,291
43,24
168,27
440,499,437
267,457
264,39
488,262
553,33
370,237
33,83
302,147
228,287
3,78
33,85
177,521
138,258
116,85,33
547,86
136,478
321,500
321,182
123,31
548,549
145,124
471,43
81,0
32,167,167
93,78
71,360
177,220
360,454
34,170
71,488
506,150
78,211
26,535
146,265
139,41,5
468,542
60,26
50,166
27,27,198,198
94,475
264,87
267,527
475,366
182,321
495,181
545,26
83,325
193,3
239,346
562,447
182,321
9,131
78,273
313,415
573,102
187,218,187
244,166,244
488,150
116,352
60,26
499,440,440
16,235
278,465
465,104
167,32
322,78
562,355
501,166
83,352
148,465
264,543,273
129,367
214,108
338,475
527,99
72,74
398,271
167,32
112,312
367,377
78,67
541,4
276,517
116,335
123,31
57,194
440,313
3,408,39
3,78
34,116,33
549,548
549,548
267,527
191,186
142,468
318,562
465,556
237,244
474,295
152,86
302,50
46,189
170,116
318,562
154,76
414,5
264,56
360,488
47,273
194,335
5,162
493,5,31
70,41,174
100,419
0,127
549,548
81,59
96,258
500,203
221,111
512,76
244,356,244
72,74,262
545,26
344,156
321,500
550,356
50,378
194,199
60,178
350,537
87,53
548,505
74,94
349,41
24,471
34,1
31,138
124,458
442,285
84,163
572,56
414,116
32,167
284,486
194,70
544,541
283,62
377,544
129,367
267,477
367,386
355,239
78,307
45,41
383,353
170,352
78,264
61,468
353,347
39,559
548,549
148,278
135,540,540
78,412
164,458,161
355,239
85,228
201,562
458,527
499,540
321,182
332,3
1,123
157,150,454
352,45
280,83
26,69,359
343,156
549,548
324,57
88,78
39,412
124,184
32,167
78,39
318,350
377,544
36,579
542,263
543,49
226,484
429,60
181,180
18,201
199,105
210,31
137,503
3,78
1,123
74,94
74,94
148,278
78,542
581,203
562,447
297,145
34,1
191,417
3,272
550,166,550
169,31
483,509
78,28
367,129
145,291
88,527
140,64
285,442
311,21
67,172,87,288
178,26
414,419
500,150
180,339
284,203
264,163
1,123
163,341
191,180
321,581
173,156
177,462
31,138,149
302,147
41,25
440,313
173,173,186,186
78,267,103,273
581,537
408,163,188
35,36
87,553
152,297
86,61
43,471
544,541
440,256
561,284
501,166
542,101
264,469
469,172
0,21
1,123
170,126
331,194
31,521
150,182
26,488
150,506
1,352
473,159
104,576
96,21
548,510
312,431,164
39,204
493,123
310,395
60,178
429,360
310,395
315,47
145,3
321,500
549,548,548
360,454
214,149
58,131
81,170
510,505
419,96
26,178
129,367
35,161,299
161,56
35,163
231,424,424
308,56
1,123
163,547
94,74
344,156
567,177
123,41
270,191
419,116
66,28
46,189
543,28
25,52
548,549
274,61
26,60
170,116
116,210
397,238
410,173
505,78
259,147
135,187
41,96
378,386
465,505
442,9
152,329
249,190
3,49
194,116
537,284
244,550
19,19,419,419
98,334,98
458,508
370,237
60,157
511,359
31,83
116,126
124,184
196,57
386,378,378
512,456,3
145,124
26,454,178
208,180
171,2
512,181
457,53
33,195
178,514
313,415
380,163
267,527
78,163
284,537
247,437
103,42
521,116
500,581
75,77
78,28
3,39
448,30
500,203
286,117
17,173
85,0
346,239
260,130
152,145,28
581,203
494,351
85,161
459,459,565,565
542,263
5,493
550,244
548,510
166,501
34,0
3,271
3,264
454,488
179,320
264,491
123,34
471,471,43,43
514,535
87,200
163,299
24,43
4,367,367
43,471,43
247,445
137,33
418,276
83,419
74,338
36,20
9,131
412,324
429,75
426,74
83,228
9,104
195,428
369,20
136,169,177
56,49
194,83
24,43
550,244,166
42,67
20,112
78,322
78,39
3,574
93,78
313,415
94,74
267,457
465,505
262,342
360,580
369,196
318,307
262,26
127,267
78,267
5,25
240,239
34,414
182,150
408,188
109,345
26,69
490,121
314,172
474,291
395,336,197
284,581
123,12
556,465
194,521
368,368,200,200
34,33,335
78,163
35,161
3,12
579,65
31,80
425,549
67,172
87,542
548,2,2
541,4
170,472
150,182
581,561
406,18
339,180
548,549
78,204
437,440
500,150
312,112
367,426
468,260
417,54
14,2
364,364,304,304
543,49
471,43
47,193
412,152
83,81
468,495
267,527
123,139
163,307,429
326,297
473,34
549,541
475,74
78,412,394
377,544
499,540
164,161
139,403
83,33,419
510,104
342,545
378,386
440,499
499,540
27,198
25,553
126,12
475,338
412,163
78,273
540,499,499
238,142
282,45
145,431
244,166
508,188
440,256
61,47
214,108
35,474
111,33
3,184
417,146
35,530
214,193
163,408
510,505
164,564
71,360
278,465
471,24,24
54,54,417,417
237,370
5,31
363,569
0,419
170,352
447,562
72,74
0,19,100
412,477
131,58,58
377,544,367
425,104
62,104
244,166,244
28,3
382,58
506,321
34,124
475,74
200,180
37,21
170,5
29,30
145,297
197,373
267,163
561,537
471,43
1,57
562,346
330,543
83,228
273,468
139,116
412,172
116,560
9,107
58,382
32,259
425,104,129
39,53
480,496
83,33
57,123
102,473
34,33
244,244,166,166
579,214
28,67
429,182
74,475
141,543
350,537
157,342
141,153
24,43
150,342
271,477
5,31
182,506
133,468
264,543,273
531,49
56,87
78,267
326,397
60,511
260,474
138,158,33
160,192
43,471
56,95
272,64
60,26
104,283
321,203
549,541
150,391
186,173
27,198,27
129,426
60,454
344,156
24,43
78,61
166,550
94,475
541,4,544
530,520
510,505
74,338
3,204
182,506
103,164
313,415
488,182
485,556
310,260
160,192
419,0
74,475
135,420
509,414
74,475
475,74
33,34
26,360
191,459
488,71
505,556
576,94
426,129
9,104
364,304
77,298
1,123
78,542
311,330
178,514
203,182
3,163,12
150,182
356,244
39,288
191,152
33,45
8,2
573,543
32,166
125,163,172,241
488,26
425,129,129
449,398
440,256
264,288
284,537
559,87
3,140
136,139
12,419,0
581,203
261,3
104,148
83,115
410,312
239,346
264,397
47,336
315,395
150,182
78,39
194,41
52,199
161,35
412,573
382,128
262,26
238,495
532,377
150,262
264,290
496,336
30,14
0,19
426,367
475,366
26,178
264,455
174,57
221,111
437,256
510,278
116,33
2,171
157,60
178,359
365,206,136
267,457
182,500
191,455
367,426
5,31
1,570
90,294
5,31
214,273
199,324
267,457
503,33
128,447
557,557,27,27
542,204
426,74
330,173
115,414
164,468
549,548
78,542
312,3
264,3
176,176,47,47
272,265
141,153
505,465
138,194
3,49
542,3
412,56
448,119
78,163
50,166,50,301,301
195,5
324,493
31,525
257,154
214,272
194,177
78,163,152
419,170
78,412
49,130
24,43
244,166
498,343
166,244,166
74,475
30,185
264,56
378,378,386,386
489,271
454,26
43,471
313,437
429,75
264,56
360,26
189,292
186,172
426,74
126,419
9,104
171,2
524,75
366,338
543,532
1,123
501,166
447,562
321,506
9,576
104,9
78,307
499,540
57,123
5,174
329,87
227,10
100,0
478,150
35,495
163,307
509,90
500,581
49,190
166,50
126,116
5,553
445,440
377,367
180,159
74,425
143,141
537,350
510,505
543,146
355,239
34,352
145,124
78,441
573,367
88,394
500,581
16,235
553,521
510,104
488,26
81,509
336,227
447,562
39,202
481,6
31,138
543,56
204,145
303,345
17,112
483,177
170,174
440,313
31,473
574,214
419,0
382,128,128
194,177
308,464
506,150
272,191
488,26
324,34
177,159
488,262
329,61
377,367
280,353
477,39
573,412
360,454
31,509
344,298
419,352
514,26
525,323,39
200,87,146
33,45,349
169,170
437,256
352,55
503,116
329,417
55,0
2,14
3,264
378,50
86,297
565,397
182,500
498,454
382,58
554,57
544,377
67,572
495,468
278,548,510
336,470
157,524
239,346
39,407
174,553
89,204
425,9
164,161
195,428
179,320
104,556
161,130
50,32
260,127
163,141
74,94
86,152
312,39
78,163
3,300
60,26
454,26
107,465
550,244
56,263
62,556
455,564
139,116
49,458
13,371
203,500
35,28
247,437
338,74
5,102
237,370
442,9
154,76
338,366
3,272
350,318
514,513
33,85
267,127
74,338
74,475
78,460
112,412
1,170
97,324
211,211,101,101
265,146
559,65
1,123
311,543
287,134
532,36
134,0
78,264
342,150
164,564
33,137
371,371,111,111,13,13
210,352
330,35
336,47
189,46
458,457
139,5,136
27,453
78,267
548,541
200,163,146
373,330
145,149
244,166
63,531
541,544,544
256,440
214,56
166,32
2,548
543,542
152,329
138,25
93,78
194,352
156,344
445,247
61,307
186,459
3,264
493,41
272,238
468,260,204
78,163
419,414
160,192
194,177
561,203
541,237
42,191
553,282
360,71,454
553,169
239,240
458,176
531,63
94,74
291,238
0,19
138,567
11,264
65,99
85,45
307,164
350,75
503,170
71,26
378,386,378
194,170
166,244,244
69,454
71,60
280,70
419,12
67,42
163,468
143,412
260,254
412,143
346,562
412,324
541,544
500,581
314,112
494,2
72,74
163,181
28,3
284,537
164,238
282,116
188,153
78,61
128,447
316,532
31,517
25,493
150,26
244,32
506,182
250,3
3,78
33,85
56,332
284,203
312,153
500,581
543,330
166,550
346,562
78,412
93,176
238,291
53,457
163,2
540,499,499
519,94
27,27,557,557
182,506
88,407
47,176
149,92
149,31
85,34
200,78
344,343
360,26
521,34
305,81
510,278
512,87
483,137
26,454
150,182
208,181
33,352
487,81
561,284
157,150
154,76
211,548,548
391,150
442,9
541,4
35,86
33,349
264,263
52,0
475,74
206,365,365
456,512
3,542
41,123
311,35
459,417
288,35
102,115
104,465
182,391
177,136
24,43
419,1
10,227
6,481
382,58
26,69
101,211
195,428,428
540,135
93,163
182,150
330,173
189,46
321,182
313,415
78,28
202,410
86,547
50,259
194,352
123,258
431,312
2,14
87,56,221
303,345
352,34
336,395
71,514
39,241
78,542
3,78
157,26
512,20
3,78
170,419,126,12
132,476
35,161
386,378
543,197
457,211
41,134
172,309
187,226
264,56
325,407
488,182
116,34
259,32
572,543
363,569
78,273
391,478,60
128,447
182,321
31,85
541,544
429,150
425,129
26,454
148,485
549,548
3,78
543,197,39
553,483
83,33
78,56
33,4
164,542
72,74
105,57
267,457
191,180
485,278
83,194
71,60
145,191
318,562
1,81
166,244
499,540
346,240
172,412,508
182,321
56,395
143,53
483,279
487,102
500,561
238,397
3,272
26,454
264,65
262,454
499,540,540
182,321
429,71
3,89
572,369
498,454
541,544
581,478
191,47
53,39
338,475
370,237
145,149
203,116
135,420
440,499
112,291
541,544
116,33
188,152
49,3
419,139
397,273
94,74
180,49
283,283,485,485
16,235
193,188
90,294
32,378,32
35,28
31,159
72,74
543,458
2,29
78,394
178,60
338,366
55,0,116
537,581
41,174
537,284
465,485
485,62
58,131
444,172
548,549
28,61
26,545
49,190,3
285,442,442
182,321
248,223
194,5
541,548
367,386
493,105
543,49
27,27,168,168
481,468
297,496
42,191
196,495
0,12
367,129
415,247
87,311
46,189
262,26
285,442
100,0
179,433
94,548,576
465,104
100,419
486,486,284,284,561,561
465,510
182,321
454,360
510,485
267,143
182,321
397,273,78
324,57
43,24
16,235
75,26
211,68
67,151
581,284
177,52
199,199,219,219
5,41
78,3,88
47,470
264,543
300,407
130,191
177,90
288,395
480,336
32,518
336,373
0,19
267,527
39,84
490,121
17,173
151,369
415,313
99,65
31,81
193,78
130,49
412,56
26,545
544,541
310,369
548,94
3,264
138,137
34,352
287,116
104,556
186,532,78
311,61
378,32
302,32
26,454
182,321
78,264
85,83
267,579
454,26
352,33
556,467
460,204
562,318
157,26
549,4
360,71
194,116
562,318
544,377,377
78,480
31,567,170
13,227
85,139
360,454
161,35
429,360
109,345
104,465
2,8
111,221
3,163
24,43
119,448
473,102
104,576,556,467
55,12
412,56
412,42
181,341
60,514
459,186
454,488
150,157
130,56
228,174
3,457
264,87
218,226
543,197
140,394
52,183
164,3
559,87
2,14
403,5
360,26
194,177
273,49
412,56
424,231
581,203
264,39
71,60
451,419
284,561
356,244,244
440,445
548,549
50,378
437,256
57,105
454,360
150,157
321,500
426,377
105,493
270,101
465,485
287,280
391,60
509,81,33
544,424
2,548
49,2
81,170
527,78
464,398
458,181
26,498
307,271
52,183
83,236
273,310
92,410,289
78,312
3,78
273,397,331
3,78
264,456
545,26
177,353
166,501,166
31,80
138,81
58,131
496,496,297,297
200,543
548,549
187,218
3,460
56,372
150,182
500,506
369,288
74,338
121,490
1,123
240,346
21,493
161,56
360,71
116,424
58,382
164,42
425,107
543,527
32,167
412,153
272,314
360,26
182,321,321
235,16
440,484
330,579
16,235
9,131
126,116
389,340
350,581
477,271
174,116
454,360
342,26
148,510
81,138
167,32,167
548,549
177,462
557,27,27
101,417
71,360
262,506
544,541
360,26
65,68
126,0
462,155
1,52
56,308
324,199
274,61
182,150
0,19
562,447
352,170
214,61
325,5
471,24
414,436
545,429
34,170
352,325
116,89
273,310
169,136
437,247
543,197,39
244,166
510,485,505
302,32
239,346
537,284
467,556
115,174
24,43
93,176
553,25
469,263
506,150,182
282,33
226,348
79,39,257
122,559
282,45
264,273
178,535
192,160
139,116
172,469
518,518,32,32
239,541
104,465,510
46,189
548,505
153,480
24,43
3,272
3,264
273,299
129,367
26,71
3,264
367,377
325,352
318,360
278,283
330,191
60,514
500,285
543,204,532
271,263
182,262
510,505
31,169
2,171
190,53
38,94
345,109
274,61
197,373
391,391,106,106
39,186
25,493
34,170
478,157
419,210
33,83
573,477
57,403
193,3
334,334,98,98
142,79
147,301
33,195
35,163
485,148
468,164
264,543,273
60,478
77,298
447,562
249,469
130,260
182,321
129,425
267,579
0,444
330,573
103,164
26,150
426,367
43,24
9,425
181,47
444,322
32,50
505,485
28,311
239,346
157,150
208,181
124,458
182,150
545,26
3,257
321,488
468,164
493,258
516,412
32,215
87,329
60,429
74,425
64,96
448,119
527,56
35,530
26,454
61,274
440,499
572,543
265,181
35,161
273,289
472,170
193,188
31,138
267,457
328,35
163,307,31
335,116
321,500
150,500,500
145,3,204
313,437
166,550,244
267,527
370,237
377,532
63,3
445,440
31,170
87,221
211,307
203,284
1,81
2,171,2
227,13
537,284
227,13
468,133
167,32,167
581,478
429,545
81,31
76,35
3,163
160,192
389,27
182,321
562,346
78,542
541,548
139,116
321,500
353,57
264,543,273
78,412
177,123
3,184
500,581
238,193
510,505
581,561
483,503
145,191
28,3,39
147,166
541,367
491,273
187,218
78,191
179,179,320,320
78,572
311,330
5,31
342,454,157
2,30
244,550
373,197
151,78
186,272
143,512
41,413
464,270
312,410,3
52,436,116
500,561
345,109
278,510
283,278
78,3
22,2
195,5
478,150
24,43
451,25
505,78
514,359,26
45,41
78,163,152
345,109
465,556
553,493
367,129
39,3
178,60
340,389
321,500
550,244
561,537
145,149
237,244,244
169,83
549,548
85,34
548,549
26,454
83,123
353,33
126,45
191,273
278,505
151,78
34,287
160,192,192
244,166
43,24
488,182
35,163
480,531,297
130,35
325,5
286,484
506,182
419,1
116,419
78,61
3,78
527,272
161,130
5,207
49,532
42,191
412,56
182,500
64,35
386,259
581,478
57,138
49,196
74,475
519,74
194,170,210
414,12
143,267
177,90
453,56
31,503
314,112
442,285
338,74,74
456,163
265,56
440,445,445
33,419
35,161
454,498
471,43
141,153
26,75,511
302,50
510,278,62
3,164
567,138
153,495
549,548,548
159,5
576,9
540,499
167,32
112,20
4,549
3,172
106,391
34,70
244,237
145,190
553,31
83,210
572,56
166,32,166
182,150
30,98
360,454
116,126
127,417
343,156
145,152
47,288
549,548
318,537
47,310
52,183
445,440
425,74,74
49,531
94,72
130,66
457,273
258,12,234
345,109
184,368
78,267
116,352
420,247,135
35,28
442,285,285
419,126
70,419
500,106
426,367
543,204,532
170,5
510,549,549
485,510
261,99
58,131
182,488
78,39
92,149
67,151
325,123
426,74
78,542
475,74
549,548
63,3
264,214
35,61
282,45
545,26
72,94
171,2
541,544
103,329
503,483
454,545
244,550
41,281
93,79
47,315
146,543
193,3
214,3
414,509
244,550
200,543
203,561
157,150
182,391
532,459
166,550,550
499,540
78,542
32,50,32
365,206
407,325
139,21
163,56
30,448,30
485,556
190,480
543,468
50,167
150,262
226,187
263,87
579,65
33,349
363,569
74,475
541,4
214,291
226,348
562,355
129,367
373,311
483,553
251,439
33,521
310,396
116,352
247,420
468,543
24,471
417,153
548,549
377,426
193,188
3,172
557,27,27
41,139
510,505
340,389
364,304
328,264
488,429
56,35
147,302
189,46
569,363
512,315
323,482
241,42
13,227
389,340
378,386
581,203,321
57,554
128,382
31,170
542,543
380,163
143,512
78,394
135,540
260,163
488,150
447,562
468,133
468,130
386,518
26,498
545,150
475,74
87,3
64,272
377,544
189,46
478,391
543,3
30,2
442,285
60,514
83,353
562,355
343,498
350,581
50,32
33,34
104,62
377,367
163,3,1
129,425,425,425
493,335
191,49
321,182
265,267
332,202
510,148
514,178
237,370
262,150
313,437
19,353
425,107
454,360,360
67,369
104,556
182,150
74,338
581,506
57,553
321,182,182,500
353,116
121,490
521,33
27,557
491,332
170,5
39,489
87,265
264,49
67,412
493,123,54
273,273,47,47
14,2,14
188,308
288,67
537,561
191,573
391,60
493,261
237,244
428,195
71,360
112,56
29,30
350,106,78
34,234
135,540
548,510
5,57
475,366
50,386
471,24,471
135,445
553,31
26,360
301,302
5,31
53,36
67,412
61,307
337,530
104,107
367,386
1,352
1,123
128,447
78,267
527,88
163,468
500,581
140,3
5,194
180,87
87,39
247,415,420
3,188
164,344
360,71,26
499,484
39,314
157,321
116,287,33
419,0,19
499,540
543,295,49
544,541
83,123
30,29
166,244,244
272,265
60,360
562,447
78,412
359,511
60,71
177,561
2,171
60,71
231,424
2,171
152,153
50,386,32
470,47
39,477
500,581
14,2
150,182
60,26
366,338
52,0
346,562
97,493
330,191
56,204
562,355
177,567
43,24
360,26
264,39
78,39
541,4
83,293
163,3
234,0
1,170
31,163
556,576
3,78
451,436
83,126
391,150
3,78
31,70
453,89
419,12
166,50
24,43
346,240
20,35
215,215,32,32,50,50
116,55
408,163
88,407
316,163
192,160,192
395,260
78,163
475,366
576,278
540,499
182,203
58,112
540,499
543,273
544,377
545,156,454
562,355
468,288
544,541,541
116,83
544,541
2,35
525,39
5,162
182,500
157,454
176,408
544,541
286,484
26,360
256,437
35,310
544,541
34,210
189,46
58,382
26,182
3,78
440,256
499,540
211,307
35,495
355,239
3,273
454,26
116,352
267,477
344,429
180,54
78,412
483,419
177,521
150,262
562,355
77,298
36,336
471,471,43,43
386,378,378
160,192
170,210
163,176
556,505
39,480
550,166
475,338
150,506
514,26
458,39
35,145
432,434
256,437
321,581
447,128
31,169
32,302,302
485,148
261,3
180,297
26,360,262
483,170
440,499
499,484
35,39
540,135,135
235,16
8,14
105,0
61,214
346,239
188,408
26,511
488,262
499,440,440
505,510
419,139
3,78
99,322
313,437
189,46
170,493
267,527
182,500
457,397
85,139,105
28,307
561,284
284,537
485,549
43,43,24,24
184,368
314,172
43,24
562,355
478,136
527,28
542,152,39
116,570
57,123
458,122
3,204
55,0
429,359
527,543
78,164
378,50
565,459
543,311
419,70
494,2
116,126
69,454
510,505
307,39
542,172
0,419
60,26
5,31
261,191
263,464,3
412,153
367,549
104,465
428,195
147,259,259
6,165
161,35
53,299
321,182
429,524
264,273
9,131
203,321
145,76
112,3
163,125,208
311,330
283,62
499,440
488,150
264,263
3,153
440,499
549,548,548
262,182,182
475,338
244,166
321,203
34,234
135,445
395,96
145,76
26,454
313,415
301,147
553,5
170,349
33,224
12,0,419
500,150
493,123
311,211
35,86
367,426
174,70
92,410
345,109
75,524
310,260
150,262
61,28
31,115
78,464
70,34
513,514
500,561
278,556
478,60
147,147,302,302
418,570
166,501
21,139
267,196
500,203
72,74
475,338
368,2
3,250
5,195
3,184
321,391
104,62
284,561
50,50,215,215
0,567
540,499
278,510
464,270
203,561
78,572
26,71
517,31
237,541
94,74
172,186
78,191
349,170
139,353
544,541
71,26
349,175
104,465
474,295
81,5
162,403
145,190
500,581
182,506
78,39
484,256
163,56
424,231
310,395
142,141
203,561
338,475
244,237
26,182
164,103
543,542
50,259
244,550,244
417,101
287,280
34,41
46,189
56,299
26,71
116,341
173,61
341,238
195,487
33,177
226,484
321,182
104,465
457,397
166,244,166
39,53
135,540
540,499
221,111
514,178
475,74
50,302,50
262,488
244,501,244
544,541
123,293
481,260
26,360
102,573
303,303,345,345
373,140
1,41
360,71
501,166
131,58,58
540,499
75,350
43,24
544,377
548,549
311,330
440,499
39,238
360,71
487,102
3,78
545,342
360,71
43,24,43
94,74
34,234
43,471
85,116
34,123
170,305
237,244,244
419,1
548,549
318,537
105,85
136,159
152,130
226,187
544,424
101,3
410,92,417
24,43
445,440
244,550,550
468,288
139,116
218,187
302,147
320,179
172,444
321,182,500
454,150
0,419
226,187
31,159
324,553
579,330
581,500
523,60
360,26
499,540
26,360
178,511
338,74
267,579
182,150
3,288
410,112
78,104
35,161
39,328
474,39
25,5
352,33
20,36
547,296
46,189
412,152
527,288
78,39
289,273
351,494
541,544
542,241
202,273
353,210
442,285
234,0
549,548
135,445
26,359
304,364,364
367,426
556,485
26,454
549,510
483,503
259,147
370,237
429,488
47,495
30,29
105,219
264,56
85,41
188,508
425,129
211,311
56,130
92,310
39,458
460,204
0,81
321,203
373,3
166,501
47,395
429,182
258,138
475,338
276,418
352,83,419
78,163,152
465,107
367,573
353,175
544,541
273,214
78,542,143
330,61
182,262
346,240
444,172
468,133
237,244
96,41
153,3
257,3
367,426
3,272
475,338
3,264
397,78
562,581
50,378
419,414
378,518,50
475,74
35,468
62,104
163,257
382,58
204,61
35,495
56,163
394,49
198,27
373,142
556,104
367,386
129,425
166,244
53,336
45,33
16,31
322,68
28,53
501,244
0,419
514,178
548,510
352,83
311,61
111,371
43,24
506,150
359,359,26,26
208,249
561,537
176,163
548,211
440,445
116,170
103,191
273,480
182,500
181,265
345,109
0,19
567,0
13,18
180,39
71,178
78,542,143
142,79
382,58
498,26
501,244
198,27
434,432
83,31
129,425
39,61
506,488
170,169
425,129
126,116
338,74
455,369
352,0
412,152
96,287
150,391
2,368
191,180
276,331
1,123
483,33
398,464
261,493
548,549
549,548
483,503
581,203
261,144
8,2
513,26,69
485,556
465,510
163,84
104,576
143,188
163,56
12,261
506,391
545,344
116,170
567,462
355,346
214,56
226,187
541,544
488,150
293,41
6,165
241,39
481,2
298,344
3,28,265
457,3,193
34,123
58,382
157,344
94,38
549,278
31,170
62,104
424,231
493,139
77,298
264,534
312,89
237,370
187,218
45,349
104,62
177,123
542,28,307
482,324,323,5
148,485,510
56,395
548,549
346,562
2,171
542,326
312,39
135,540
457,273
207,207,5,5
137,138
320,179
262,488
454,342
63,3
581,203
442,9
126,105
436,414,451
57,553
292,189
512,330
125,412
60,511
235,16
41,349
454,26
105,199
53,87
324,553
465,510
310,173
440,499
167,50
532,116
244,356,244
377,74
263,542,56
66,28
1,287
561,177
321,500
62,78
129,425
254,163
476,132
12,0
203,284
177,220
265,87
359,178
71,178
3,264
194,116
26,60
514,71
349,33
31,305
162,81
545,26
74,475
415,313,313
4,541
0,85
454,26
264,273
12,126
39,489
490,121
284,561
31,293
365,206
3,200
218,187
210,560
182,391
353,383
465,278
32,259
286,401
74,10
166,244,166
49,130
454,342
407,300
34,5
46,189,189
352,33
353,280
447,128
279,279,280,280
163,468
37,21
3,204
139,116
189,46
101,3
377,367
412,543
542,468
125,412
35,56
468,36
537,561
28,394
434,432
475,338
550,166,166
3,290
297,491
310,173
500,203
41,413
96,83
307,288
33,567
52,90
321,506
41,70
321,581
163,181
34,33
233,169
142,64
153,495
290,264
34,123
454,26
499,540
41,493
264,543
96,395
500,537
154,76
9,131
194,33
35,20
90,294
548,510
57,174
321,500
485,505
425,129
26,69
447,128
491,474
264,532
5,31
475,338
389,340
18,201
273,480
244,356,244
211,307
39,273
437,247
395,315,197
60,429,26
278,510
419,116
20,527
267,527
56,49
116,532
500,203
499,440
188,3
541,510
493,97,31
7,22
264,369
135,540
510,505
412,180
321,500
191,527
70,280
2,14
194,177
78,312
150,488
81,473
16,235
425,9
244,356,244
30,448,448
471,43
579,65
35,161
314,300
544,541
263,3
152,28
100,419
525,31
83,335
510,505
123,419
345,109
417,146
26,498
31,81
256,440
182,506
412,152
524,77
544,377
261,3
470,336
60,523
61,260
543,56
2,481
32,50
419,31
460,78,146
263,3
457,264
163,39
150,157
285,442
24,43,43
425,129
478,150
562,355
13,7
485,510,62
352,34
78,211
283,104
174,195,228
556,9
124,184
267,163,143
549,278
78,204
157,34
465,505
562,318
565,397
78,28
553,31
106,350
244,550
43,471
166,550,166
386,378
170,194
94,74
410,92
419,34
78,163
548,541,541
49,61
89,312
341,181
52,1
556,9
567,33
220,8
11,264
311,373
203,284
195,174
39,3
18,406
283,62
31,234
581,284
234,12
581,562
506,182
175,96
540,135
419,34
447,128
78,3
87,271
560,210
129,425
301,50
192,160,192
289,92
565,534
71,360
178,60
537,284
397,326
5,102
163,417
493,31
537,581
9,107
540,499
553,493
288,35
264,163
417,329
128,447
74,475
89,204,116
244,501,244
177,462
274,61
150,500
284,537
116,414,352
143,512
178,514,359
191,273
129,544
165,6,6,73
131,58
542,101
200,368,211
26,454
284,537,537
2,494,494
561,486
414,293
266,26
261,99
152,341
116,174
488,360
200,508
34,287
3,163
145,86
559,202
542,260
31,138
330,397
330,373
468,204
395,373
499,540
500,478
177,159
94,475
33,503
33,194
264,87
31,138
488,454
454,26
560,116
35,36
501,166,244
431,431,145,145
500,182
506,488
491,297,202
493,31
440,499
548,549
96,560
499,440
264,180
544,541
31,57
288,3
104,62
272,214
410,314
81,162
56,265
465,485,510
226,348
194,419
227,13
78,527
41,134
94,37
182,26
235,16
60,26
550,244,550
94,74
445,440
65,559
71,26
307,53
164,191
330,397
85,83
55,12
66,260
83,419
307,308
72,74
39,3
282,45
191,272,186
182,150
86,341
58,382
226,348
27,27,198,198
41,174
39,130
264,39
525,39
94,74
96,525
33,419
417,127
321,500
353,175
474,260
90,138
129,426
510,465
483,560
94,74
2,171
31,138
553,403
177,25
111,33
93,329
465,485
412,188
150,182
244,550,550,166
192,160
360,71
130,260
394,141
343,343,344,344
580,522
194,483
101,3
60,26
32,50
419,34,80
581,500
458,49,176
510,505
535,514,26
149,28
556,465
61,173
356,356,244,244
183,220
457,458
71,429
78,267,273
145,191
549,510
510,541
67,559
60,513
1,57
98,30
3,78
150,182
163,3
191,103
572,412
31,194
540,499,499
377,367
299,35
126,0
169,233
78,193
356,501
506,454
485,62
550,244
429,60
96,287
93,78
562,346
553,33
284,537
323,525
177,123
35,534
544,541
83,52
505,465
510,148
10,227
45,41
57,31
183,220
100,419
336,99
321,182
60,514
501,244
78,542,143
386,259
139,493
193,238
440,499
386,518
540,135
377,367
559,202
163,93
454,488
128,382
139,116
33,472
19,353
330,28
56,191
206,136
223,248
24,43,43
166,501,166
182,500
527,272
83,116,353
153,495
340,27
367,426
454,150
527,272
333,29
182,391
570,418
99,464
60,360
259,32
537,350
410,92
349,33
106,500
419,170,116
204,36
78,307
182,321
36,188
31,33
163,78
78,211
305,31
43,24,43
239,346
444,0
27,557
78,572
166,244
57,196
500,182
78,204
346,562
4,541
78,572
193,47
553,174
287,238
89,204
153,417
33,41
359,429
531,480
147,50
556,485
109,345
61,395
78,412
271,3
312,3
78,39
383,220
291,145
139,210
548,211
31,305
138,57
163,369
521,83
191,417
1,81
313,415
493,96
26,69
177,115
429,163
521,553
556,104
39,61
182,391
263,474
0,352
530,530,337,337
331,276
220,383
154,112,54
43,471
499,540
304,364
325,5
321,26
434,432
505,278
3,163
135,247
500,203
537,581
74,475
500,182
142,141
562,318
548,549
2,35
500,203
297,326
261,312
33,483
408,163
28,273,39
210,34,139
249,417
367,541
32,166
83,31
489,271
54,493
59,81
330,191
1,123
119,448
250,512
437,440
3,78
78,542
169,31
247,437,135
454,262
414,0
43,471
201,406
28,214
173,410
88,285
154,257,112,54
267,457
315,322
3,89
454,26
377,367
10,227
163,267
138,57
360,454
109,345
267,265,196
123,12
3,373
548,510
567,31
163,260
556,104
28,394
41,413
79,39,257
386,378
154,122
314,410,39
2,34
456,264
166,244
177,462
336,227
31,294
244,166
288,84
29,2
94,519
78,39
83,228
19,353
454,262
158,158,138,138
77,75
74,72
203,284
27,557
170,116
159,473,180
150,500
3,543
506,156
464,308
31,352
569,363
116,503
303,345
194,199
57,5
454,488
506,156
273,310
370,237
84,316
161,35
3,39
581,478
378,518
482,324,96,5
527,103
42,191
346,240
90,138
541,239
506,581
31,81
129,425
548,510
129,367
182,429
116,352
548,278
163,412
500,182
177,282
345,109
386,302
313,415
206,206,365,365
171,171,2,2
157,156,150
425,104
104,9
2,171
239,346
352,170
187,218,187
501,166
126,0
5,105
454,26
32,167
3,87
317,456
161,35
550,166
57,403
567,31
172,309
468,481
360,454
78,267,103,273
177,115
244,32
2,39
39,477
465,278,576
550,244
8,220
5,139
364,304
86,145
272,527
3,264
3,78
338,366
78,412
549,548,548
426,74
338,426
60,454
562,318
454,26
271,87
335,335,194,194
300,300,314,314
291,273,214
540,499
85,90
541,4
280,279
153,257
544,541
109,345
9,104
410,202
148,510
191,527
133,468
244,550
260,468
74,94,72
156,157
345,109
506,321,150
191,527
3,263
256,440
55,194,352
548,549
32,167
157,478,454
485,62
342,156
516,412
3,273
264,543
505,465
5,31
363,569
31,305
210,419
182,150
367,4
284,581
87,512
244,166
3,78
378,147
324,553
562,447
116,33
307,288
305,81
440,445
527,20
262,26
78,412
1,570
28,214
53,299
46,189
1,123
96,525
187,187,226,226
3,214,39
512,143
163,3,141
475,74
581,478
90,509
24,43
99,142
78,267,273
410,112
47,288
579,214
147,302
129,367
419,0
272,186
581,203
329,311
34,52
24,43,43
235,16
101,542,542
150,26
471,43
454,360
264,180
264,328
237,370
175,96
116,170
455,191
28,149
395,197
219,199
192,192,160,160
485,62
581,284
33,83
465,510
503,34
157,344
36,114
39,477
267,180
87,67
417,163
18,13
342,157
26,511
14,30
419,194
45,352
214,273
244,237
94,180
226,187
440,499
330,61
239,346
2,171
198,198,27,27
78,28
128,447,447
541,548
66,28
425,129,129
316,532
419,170
192,160,192
288,161
271,307
150,454
25,57
264,56
264,180
26,71
26,454
386,378
541,237,237
78,267,273
26,262
356,244
114,114,36,36
35,76
58,131
166,147
457,474
475,74
187,218
415,313
33,34
191,459
454,157
79,39,257
20,512
454,488
295,204
262,150
135,247
342,454
102,115
412,152
210,170
419,34,80
237,244
373,336,543
537,318
543,186
26,454
21,96
454,506
464,263
2,14
262,26
540,499
161,288
403,352
26,321
286,484
126,100
198,27
352,353
123,139
510,148
512,315
224,34
488,262
506,500
121,490
36,53
394,270
264,288
49,10
429,360
2,34
493,487
500,581
0,19
356,550
490,121
500,561
99,78
465,505
33,282,353
150,262
161,56
345,109
295,204
310,28
336,36
56,214
442,9
543,532
39,2
180,512
3,78
87,271
94,74,475
264,543,547
456,163
511,178
96,419
548,549
96,482
78,163
500,581
74,475
382,58
344,164
194,55,210
71,3
34,324
33,34
312,153
36,330
360,26
121,490
287,1
244,166
506,182
94,475
78,542
499,440
50,32,50
125,412
478,157
273,202
458,164
503,170
234,134
68,68,322,322
200,457
280,34
264,65
169,258
150,157
345,303
485,283
500,150
548,549
100,134
510,505
17,112
43,24
126,234
367,4
156,342
25,138
78,542
499,540
260,130,66
549,548
493,139
29,333
37,94
241,125
451,492
485,148
3,78
553,473
256,437
189,46
62,104
175,349
448,30
28,152,28
441,78
57,138
419,0
148,510
52,199
426,367
341,238
150,75
104,465
244,237
21,311
395,288
3,290
177,115
187,226
78,39
153,49
130,191
50,147
541,4
170,159
123,403
26,454
166,32
436,52
475,338
45,269
228,170
340,389,27
291,474
527,458
204,56
189,46
163,316
166,550
501,356
26,513
412,373
2,22
330,316
304,364
360,60,71
109,345
115,414
99,322
293,52
370,237
244,166
284,561
398,449
540,135
32,356
366,338
62,549
0,19
193,153
112,412
237,244
310,369
64,142
499,440,440
514,359
465,556
540,499
346,240
483,473
26,60
521,228
548,494
163,78
157,26
39,512
262,488
279,34
493,194
104,78
134,287
386,518
193,78
488,454
377,544
191,547,56
506,150
137,25
260,481
394,394,140,140
203,284
259,50,50
454,342
78,3,186
237,370
556,104
157,454
343,545
454,342
163,3,200
163,341
26,360
263,3
338,426
12,0
412,39
314,272
576,556
123,31
70,31
410,112
307,288
483,509
81,194
310,92
100,0
3,574
262,488
188,153
278,485
428,195
352,210
506,262,391
193,3
0,419
369,28
366,426
308,307
43,24
493,139
26,454
326,542
78,412,394
545,71
534,565
58,382
78,267,273
60,71,429
63,3
322,315
194,199
353,352
296,547
78,163
177,96
419,33,195
442,9
134,0
262,26
76,512
525,492
186,9
203,581
177,462
260,254
101,270
16,235
457,397
42,103
123,293
4,541
49,130
192,160
1,81
150,429
489,417
26,28
262,150
570,116
39,3
124,34
313,415
210,31
447,128
3,78
210,353
56,249
227,13
320,179,179
135,420
9,107
74,94
499,540,540
581,203
50,302
428,195
8,2
264,543,273
330,35
144,261
465,104
556,9
454,26
485,465
581,537
129,425
33,45
96,287
501,166
163,369
181,495
107,104
535,178
293,55
39,130
447,128,128
149,149,214,214
33,349
540,499,499
95,186
498,69
35,86
211,468
553,183
78,412
180,412,267
47,39
204,196
541,544
367,386
5,105,139
485,465
163,547
50,378
559,67
285,442
542,260
35,86
238,272
500,581
181,512
157,524
186,116
157,545
0,12
78,412
78,39
61,28
237,541
60,511,178
237,541
0,12
439,251
247,135,437
210,353
50,50,32,32
182,321,506
160,192
201,406
28,330,260
24,43
503,170
78,267,273
454,498
35,86
25,174
78,542
78,39
314,89
26,71
150,182
380,141
355,239
454,488
386,378
541,544
167,32
182,429
89,152
186,95,312
3,512
475,366
367,377
71,545
13,227
161,130
188,408
2,35
310,28
109,345
169,553
211,68
493,21,34
128,382
514,359,26
355,239
541,4
191,47
194,31
386,32,167
367,426
264,11,11
26,157
499,440
264,543
41,33
540,499
150,157
33,472
177,419
562,318
45,126
62,485
49,2
31,85
105,12
278,510
